family_ID	#kmer	B_0	B_1	B_2	B_3
CACAGUG	-30.4200216299444	31.155325668823	1.57633105342278	-0.722018865666735
ACAGUAC	-4.60427495785241e-05	0.252234736170709	5.10725428388449	13.3102817407799
ACAGUAU	-4.60427495785241e-05	0.252234736170709	5.10725428388449	13.3102817407799
AAGGCAC	-54.2372857238707	55.0729323718192	2.06288009020901	-0.227575329748907
UCCCUUU	-0.693313598632812	0.440112304687498	3.14144897460938	2.21954345703125
UGCAUUG	-1.59283960990815	1.88145613294325	0.564832456958378	-1.67993227914809
GAUUGUC	-0.00164357008805966	0.698413460958241	2.12039277585229	6.15561185289134
AGUGGUU	-0.579819018460216	1.12443661977091	2.72231512803121	4.09572795240709
GCUGGUG	-0.0974888241559937	0.941075724599807	1.75507595029025	4.33884499995554
ACCCGUA	-0.693313598632812	0.440112304687498	3.14144897460938	2.21954345703125
AACCGUU	-0.693313598632812	0.440112304687498	3.14144897460938	2.21954345703125
GUCAGUU	-0.0588852096292412	0.517160438522503	1.53832187683659	2.12879610546614
GGCAGUG	-0.000529679953642562	0.704806757461814	3.02133278293145	7.34374297238335
UCCAGUU	-3.11101749453439	3.96595236112587	0.821067118283074	-0.050469675813901
AACAGUC	-1.70032727898631e-05	0.229904445287176	42.0767791028637	74.5545906851672
UGUGCUU	-0.884000509717704	1.68419699563853	3.56275839962859	7.49072757570674
AUGGCUU	-8.06960974378858e-05	0.752847342070987	3.94037509374653	9.33783874721708
UGACCUA	-9.96429422464989	10.051325835662	765.383744125102	1033.5223492459
AAUACUG	-2.14287977237014	2.45398632271609	170.373702351572	406.702177850161
AACACUG	-8.59938187649873	9.01499711194097	2.88378304542993	3.65684075823138
UCACAUU	-2.05314222198892	2.20434677217113	39.7973891064261	48.4449542982556
UGAAAUG	-2.86851695813885	2.98843505293526	389.381208484542	501.517588188346
UUUUUGC	-0.693313598632812	0.440112304687498	3.14144897460938	2.21954345703125
AAGGUGC	-0.693313598632812	0.440112304687498	3.14144897460938	2.21954345703125
GUAGUGU	-0.141935532710535	0.987119541061129	1.43085632943055	3.91735889185969
GGAGUGU	-0.693313598632812	0.440112304687498	3.14144897460938	2.21954345703125
CCAGUGU	-7.44355846768794	8.20901187882509	1.03281897932136	-0.46799486317343
AAAGUGC	-1.10943952229642	1.71206268882765	0.366848688975256	0.131251698460632
ACCCUGU	-0.648540732074123	1.20353084767682	3.01483503242738	6.61116853618627
AACCUGG	-0.0123091872799604	0.423239331518974	1.1017795020613	3.56316636205314
GAUAUGU	-0.693313598632812	0.440112304687498	3.14144897460938	2.21954345703125
GAGAUGA	-1.09646460466407	1.6990227391154	0.383850913781323	-0.579469589726608
GGAAUGU	-0.0258697739822942	0.76558383197	2.75434927757764	7.94482899039694
CUUUGGU	-12.5827531867071	13.5263415982576	1.00248332852181	-0.742940435268083
GGACGGA	-0.693313598632812	0.440112304687498	3.14144897460938	2.21954345703125
UGUGCGU	-0.693313598632812	0.440112304687498	3.14144897460938	2.21954345703125
AGGUAGU	-5.97363075630377	6.10612273614638	7.69221814455453	15.7648204689331
GAUCAGA	-3.65569202932491e-08	0.198982338737782	8.97241549353884	16.0001606003723
CUACAGU	-0.693313598632812	0.440112304687498	3.14144897460938	2.21954345703125
UCACAGU	-0.00939137068199731	0.640022484101453	2.00667211014545	4.30736320947564
GGCAAGA	-0.330970912955729	0.589554563475191	1.78820177502552	1.82337124454276
UUGUUCG	-0.00929034494793655	0.459790831022867	1.68281848478246	3.96552486467238
ACAUUCA	-0.29587716599973	0.963390661337217	1.11083919581171	2.61752435517161
CGUGUCU	-0.693313598632812	0.440112304687498	3.14144897460938	2.21954345703125
UUGGUCC	-0.0801532235648971	0.994002654771871	1.46989412816582	3.28427558844626
AAUCUCA	-1.62123157567366e-05	0.330688732521862	3.27128251864434	10.0655552967848
AAUCUCU	-1.62123157567366e-05	0.330688732521862	3.27128251864434	10.0655552967848
UAUUGCU	-8.70341007677319	9.61470552137595	2.97732271459735	4.91325768957824
AUGUGCC	-0.0863560385661287	0.592231358086916	3.09990535891317	8.23304795874972
CAGUGCA	-0.00479366497528505	0.902647650027029	1.96689027529954	5.33103197834433
AAGUGCU	-14.3441437109683	15.1053253038348	1.52581952361856	-0.11273633397252
AGCUGCC	-2.6764832933124e-11	0.539306545728788	11.6958350705895	31.3359438972891
UAAUGCU	-0.0874830608015328	0.539385479699475	1.26084099485807	1.7050632095248
ACUGGCC	-13.235509411506	13.6410792069051	2.11540238865409	1.25158313347552
AGCAGCA	-17.9463034535809	18.8306044692902	1.46671811357587	0.140080660582905
AGCAGCG	-17.9463034535809	18.8306044692902	1.46671811357587	0.140080660582905
AAUGCCC	-13.9317460159101	14.3315500310684	2.51280872003103	2.40750124323643
CGACCCA	-0.693313598632812	0.440112304687498	3.14144897460938	2.21954345703125
CGUACCG	-0.693313598632812	0.440112304687498	3.14144897460938	2.21954345703125
AGCACCA	-0.0208165329852186	0.947981891199969	4.6640567555242	11.3673330005829
UAAGACG	-6.84561177802636e-08	0.429169104155597	8.73462476046448	16.0873145128432
UAAGACU	-6.84561177802636e-08	0.429169104155597	8.73462476046448	16.0873145128432
GAGAACU	-0.34935412784711	0.431937510469814	16.3721192021511	-0.623675023616026
GUAAACA	-32.916404520991	33.8187591105151	1.82980598832152	-0.131435825082654
AGCUUAU	-0.331552704045864	0.746059074265589	6.51103643809615	12.9039629003345
GAGGUAG	-0.071809585538857	1.01270035255437	2.75047658688203	6.48524861076635
UGCAUAG	-3.83421445684136e-11	0.697412763777899	8.09231189506275	21.4431520943614
CCCUGAG	-28.8317641180908	29.6843346688875	1.70879110695424	0.0396767534751475
AACGGAA	-0.693313598632812	0.440112304687498	3.14144897460938	2.21954345703125
GGAAGAC	-2.74690707603615	3.17047398721912	1.24069493485084	2.28709561959774
CCUUCAU	-0.180381046559419	0.478552586844867	0.771948172660042	0.541194767360714
GGCUCAG	-0.0338368743615095	0.555064712884153	1.64250949969948	2.8167616205559
AUUGCAC	-10.7884530997789	11.6017632670659	2.4765432090505	3.15469552395776
AGUGCAA	-0.199074957596915	0.987033535141508	1.94294363352736	3.88705750950704
ACUGCAU	-4.73865616087395	5.01341517590205	12.3076980799664	1.39695308552967
UUGGCAA	-3.37496669840926e-05	0.739377065771518	3.98729128760956	10.1939210792207
UUGGCAC	-3.37496669840926e-05	0.739377065771518	3.98729128760956	10.1939210792207
AUGGCAC	-0.0191864461549925	0.485256294218377	6.28091309966809	15.5922748335479
GCAGCAU	-0.0366397651193067	0.716210275738978	1.16705433733962	2.97867957424205
CCAGCAU	-1.19384623861982e-12	0.218754740601079	37.770786372333	27.7502678163613
CUCCCAA	-1.11607865800648	1.19433612414053	5.19534127312877	-2.36415455632857
GCUACAU	-0.0298539637687962	0.586191022004934	1.12858048973715	2.98148603986737
AUGACAC	-0.693313598632812	0.440112304687498	3.14144897460938	2.21954345703125
GUAACAG	-1.07419049956851	1.47584005480261	8.88043573994945	16.9796118307365
GUGCAAA	-0.0470272269733264	0.624740509733083	15.3820200136619	34.1385714797309
