family_ID	#kmer	B_0	B_1	B_2	B_3
UCACAGU	-30.4200216299444	31.155325668823	1.57633105342278	-0.722018865666735
UGAAAUG	-0.00955363951766343	0.599758393705379	1.35059229402625	4.19107737331322
UUGGUCC	-20.1087910100191	21.0114155539701	1.36280736948764	-0.834790749404858
UUGGCAC	-8.34664056673393	9.27443126275007	1.0741119717697	-0.462128189658045
UCCCUUU	-1.0812694073636	2.545926081715	0.141594070246492	0.310598581139376
AGUGGUU	-0.0043281709690394	0.723867038776084	2.18013179045312	5.22247215537831
AACCGUU	-1.94397608558297	2.20141516509516	3.82706689442971	-0.963362962726884
GUCAGUU	-1.57294365554019	2.14498187370289	0.498658920755632	-0.986564675794218
UCCAGUU	-34.5659163292306	35.2631954789235	1.37382971170865	-1.84290879286166
UGUGCUU	-1.26411891834729	2.08379282882862	1.66941221242092	2.36686030663127
AUGGCUU	-0.00129881801252801	0.692242065586468	2.64053780546786	6.40868362656361
UCACAUU	-0.955979033709017	1.11472785894555	2.44762509175175	-0.214199559654849
GUAGUGU	-14.6916111791804	15.5551755884727	1.13617443635577	-0.902716631431443
GGAGUGU	-10.0474592730434	10.3531485128154	1.60459350678757	-1.30821698677206
CCAGUGU	-0.000100678191702315	0.729071429148579	2.76155533463465	9.00373146563869
ACCCUGU	-0.516448424934309	1.12311436917201	3.78204616105861	8.28131932648128
GAUAUGU	-0.693313598632812	0.440112304687498	3.14144897460938	2.21954345703125
GGAAUGU	-0.102083908291882	0.970572114044397	2.75929256498449	6.82225396974656
CUUUGGU	-0.0109735685504504	0.902229855677034	2.10509840970352	4.50239756144979
UGUGCGU	-0.148374597699282	0.515196154169797	7.80489013806649	1.47665076561307
AGGUAGU	-32.2351905768554	33.1743396263735	1.22047917409788	-1.71434049283009
CUACAGU	-0.505917359202867	0.742013211136935	4.04512793817825	13.30954490727
CGUGUCU	-0.673025954598404	0.921524475573233	0.699552326385762	-0.882671678790467
AAUCUCU	-0.693313598632812	0.440112304687498	3.14144897460938	2.21954345703125
UAUUGCU	-0.279659418703077	1.15721421172908	1.8178532901239	4.24464774117262
AAGUGCU	-0.000554879936061051	0.834384499201146	3.03645573332622	7.46685653217048
UAAUGCU	-0.20766534174408	0.605067255065708	2.34736205416412	6.84822192965189
UAAGACU	-0.693313598632812	0.440112304687498	3.14144897460938	2.21954345703125
GAGAACU	-0.693313598632812	0.440112304687498	3.14144897460938	2.21954345703125
AGCUUAU	-0.0117389325159805	0.484219422168046	1.6137898845296	3.97787568934055
ACAGUAU	-42.7630042451231	43.6388799738246	1.28571182382994	-2.25756410217058
CCUUCAU	-0.0927343819175332	0.309411838717059	721.604100995552	1418.39436893784
ACUGCAU	-0.0629137648740898	0.132564786176336	2.20660486859753	0.211768827332179
GCAGCAU	-0.163748959577184	0.909231073193439	1.03005332569752	1.56731217570433
CCAGCAU	-0.0410301878063318	0.133644687968801	7.17583373700777	1.17292916530259
GCUACAU	-0.0327762834382692	0.156949339741618	5.76908243599586	11.0956868302173
UGCAUUG	-6.30889258981292	6.41741260829264	321.75971311609	702.386681123963
GCUGGUG	-0.109600033012936	1.00998283775167	0.992812886662524	2.15562299020516
GGCAGUG	-0.723627487016958	1.49848047581174	1.88688960808124	2.88764433940277
CACAGUG	-0.00483280867865123	0.711438763071052	1.96463364119065	5.08327741294384
AAUACUG	-0.00678683604388474	0.856201520153781	1.95035897770384	4.92708093047604
AACACUG	-6.68019659761891	7.04821533219327	11.3214954803715	0.457919684186184
AACCUGG	-0.693313598632812	0.440112304687498	3.14144897460938	2.21954345703125
UUGUUCG	-0.693313598632812	0.440112304687498	3.14144897460938	2.21954345703125
AGCAGCG	-0.0337701979853294	0.499169222021626	3.75262969569926	3.39273867370138
CGUACCG	-0.693313598632812	0.440112304687498	3.14144897460938	2.21954345703125
UAAGACG	-0.693313598632812	0.440112304687498	3.14144897460938	2.21954345703125
GAGGUAG	-0.866482547242219	1.82159240465649	2.80918102000099	5.00206330963204
UGCAUAG	-10.7659759244144	11.6658755504303	1.96613091072011	2.20411861458719
CCCUGAG	-6.70056224560793	7.65910786807398	0.88960894627777	-0.648488233177214
GGCUCAG	-0.18999784423994	0.76301683931646	2.36359275317225	2.76263353572071
GUAACAG	-0.0015006846884492	0.440183048721958	2.03917587863959	5.77982181203704
GAUUGUC	-5.76498846326668	6.72288539917273	1.50373506687355	1.28523289931954
AACAGUC	-0.000784220840437055	0.56180458030603	2.61560007935076	6.70360182364123
UUUUUGC	-0.693313598632812	0.440112304687498	3.14144897460938	2.21954345703125
AAGGUGC	-0.880333470299639	1.64143633364765	1.40669989838259	2.52781501654898
AAAGUGC	-0.271581118223215	1.18843852898489	1.73827784688877	3.76801581867565
AUGUGCC	-4.60447572324239	5.00639142594949	1.96179744736233	0.676352540601777
AGCUGCC	-0.0103434476030941	0.667544724427692	2.21147851544627	4.26221104830459
ACUGGCC	-8.25967935226125e-05	0.448661032732466	2.54028631085272	8.72688262836457
AAUGCCC	-0.642465864617856	1.14713891278667	2.3224725859694	4.08573730291133
ACAGUAC	-78.9398794775071	79.7646507093945	2.74231837131451	-0.70636753122595
GGAAGAC	-0.00105175343061941	0.724702574685707	2.87721599336147	6.67771419140594
AUUGCAC	-3.77770568807888	4.62340657901904	2.18244514123559	3.24919225255175
AUGGCAC	-14.6647883015283	15.3976040143312	1.85340083399076	0.681733602284863
AAGGCAC	-32.9771823472651	33.8927910748439	2.16524616936741	0.56390204535449
AUGACAC	-3.56046338874064	3.69501150804091	775.088307220076	585.518260220721
ACCCGUA	-0.693313598632812	0.440112304687498	3.14144897460938	2.21954345703125
UGACCUA	-0.0893534773480292	0.265176595702186	29.5821416789416	21.3171588634763
GAGAUGA	-0.246629449006174	0.464086778594753	24.0141191240733	19.596648341205
GGACGGA	-1.32019897321648	1.44783082333935	1.479491985994	0.147471714750142
GAUCAGA	-0.693313598632812	0.440112304687498	3.14144897460938	2.21954345703125
GGCAAGA	-0.224422816143292	0.475632572095695	32.2865700326578	53.0914865564607
ACAUUCA	-0.100420764144119	0.919399281852889	1.02876993827216	2.15012738876392
AAUCUCA	-0.693313598632812	0.440112304687498	3.14144897460938	2.21954345703125
CAGUGCA	-0.318883771056431	1.10067873311014	2.14651305860096	4.90370308893996
AGCAGCA	-0.0114312569740571	0.746552733162838	2.15915678495274	4.27164165747875
CGACCCA	-0.693313598632812	0.440112304687498	3.14144897460938	2.21954345703125
AGCACCA	-3.68740852641294	4.58000471797659	1.38025794318336	0.523461416953349
GUAAACA	-11.6902391410225	12.3693465519004	11.1886465793315	21.1512412713421
AACGGAA	-0.229450848412716	0.811271069560139	1.7052257802065	1.54867404512449
AGUGCAA	-11.9102280202152	12.7594723219584	3.23568982306353	4.75151394884181
UUGGCAA	-0.0101179171046079	0.536461004389761	1.63406607460286	4.03334873481785
CUCCCAA	-0.693313598632812	0.440112304687498	3.14144897460938	2.21954345703125
GUGCAAA	-16.5936755858001	17.4298347353271	4.73398037721362	8.29793082613728
