family_ID	#kmer	B_0	B_1	B_2	B_3
UCCCUUU	-0.0699154605102574	0.679838181174235	4.78287362449348	12.1889494285171
AGUGGUU	-0.533964343686733	1.22042020758768	2.02218600933273	3.07728699352247
AACCGUU	-0.693313598632812	0.440112304687498	3.14144897460938	2.21954345703125
GUCAGUU	-0.924964833534179	1.41690283947489	1.83641287489814	0.605468616617358
UCCAGUU	-0.605142450129055	1.46704821839021	1.86621085734703	3.23978752606516
UGUGCUU	-11.8277728889137	12.7566138163306	1.84798797337423	0.580340405430267
AUGGCUU	-0.298372497388092	1.23352858560523	2.63211521708402	5.80289869477345
UCACAUU	-0.61292489806961	1.33735160155584	1.14637060632635	1.80077341231662
GUAGUGU	-2.42477201605773	3.28384985251588	1.4367931543184	0.817675777261246
GGAGUGU	-22.7565309988689	23.1917680198379	1.91843697083784	-3.27094988607415
CCAGUGU	-0.047106559724802	0.976380622311344	1.42308201678595	3.0530180945548
ACCCUGU	-0.0797042210006794	0.854091398195066	2.02670805750189	4.7677728855441
GAUAUGU	-0.0331583426791171	0.430270204269764	1.34819007627357	2.55033341696522
GGAAUGU	-0.127442609170658	1.05287405626535	1.92980865859787	3.83256862224554
CUUUGGU	-1.03528158778083	2.01765372641484	1.62364974556566	2.57558334624848
UGUGCGU	-0.693313598632812	0.440112304687498	3.14144897460938	2.21954345703125
AGGUAGU	-0.00641814556235205	0.343799650432354	2.09910109419542	4.89687509892139
CUACAGU	-2.35000056415136e-07	0.0990883209413978	13.229276061405	37.5696136738147
UCACAGU	-1.240154387854	2.13846504408224	1.6203470757894	2.46572067681898
CGUGUCU	-0.693313598632812	0.440112304687498	3.14144897460938	2.21954345703125
AAUCUCU	-0.160781287250963	0.266260338698179	5.73298391482256	-0.13487179309579
UAUUGCU	-0.0521602372583955	0.98693420878435	2.33027032818296	5.51827702413079
AAGUGCU	-0.0124144883371412	0.850453147908926	2.0090608952007	4.31265344535164
UAAUGCU	-2.86225733733439e-05	0.637657031972647	3.93640894602919	10.2081337323624
UAAGACU	-0.0839185357059051	0.16401824343948	4.2518543782993	10.7627368792641
GAGAACU	-13.9889509650955	14.1350358819626	16.4505604722611	6.84240068140305
AGCUUAU	-0.22755236846338	0.959346796584818	1.72730066468029	3.3888723520965
ACAGUAU	-0.00876281481326703	0.365521289985169	1.71005310596271	3.79207480942388
CCUUCAU	-0.273751961934972	1.00972191944275	2.47098954896161	5.31980275659109
ACUGCAU	-3.65515094165321	4.01600551528824	4.35881494154702	-0.833381363740758
GCAGCAU	-0.000310022607421779	0.753057907318843	4.02121856498411	7.99112110094435
CCAGCAU	-8.94753453127165e-05	0.248862692018973	3.93738207831643	8.12719810145554
GCUACAU	-0.0186757564217788	0.686133313753034	1.91079337514881	4.16713109564147
UGCAUUG	-0.00657028250384332	0.273171089139842	4.59854054884529	14.5730838989972
GCUGGUG	-0.024625103265946	0.973700718579042	1.8079316259117	3.74211872202031
GGCAGUG	-0.196923716223055	1.11517509804996	1.25694223801332	1.60251154229995
CACAGUG	-0.0192857503396768	0.936380554645492	1.67613004392918	3.94565144317649
AAUACUG	-8.75223726225727	9.68820270461685	1.16904457876439	-0.524210646015002
AACACUG	-0.00798048932021144	0.820453488651153	2.30859789958157	5.12866402354569
UGAAAUG	-1.41183820021318	1.92275143737277	0.310499301276926	-1.00092306417949
AACCUGG	-0.00351920121775331	0.0745544360980361	5.29310657450158	3.26971163544108
UUGUUCG	-0.693313598632812	0.440112304687498	3.14144897460938	2.21954345703125
AGCAGCG	-0.693313598632812	0.440112304687498	3.14144897460938	2.21954345703125
CGUACCG	-0.693313598632812	0.440112304687498	3.14144897460938	2.21954345703125
UAAGACG	-0.693313598632812	0.440112304687498	3.14144897460938	2.21954345703125
GAGGUAG	-0.78634117457463	1.76862897953638	2.17992519689398	2.96346765680916
UGCAUAG	-0.318097739340255	1.25771384940213	2.65409815523075	5.8179091716955
CCCUGAG	-21.705551952792	22.6784110483615	1.68163809868345	-0.681924218244454
GGCUCAG	-15.9460654307788	16.8230261996801	0.950961641723938	-1.89803130226002
GUAACAG	-0.127423598443404	0.536797610319388	1.72390980198276	1.25330774323009
GAUUGUC	-12.0457253851981	13.0043587473463	1.0805480558257	-1.20256770467471
AACAGUC	-0.407659475514403	1.24616412035307	1.38987081010576	2.47741393465821
UUUUUGC	-0.693313598632812	0.440112304687498	3.14144897460938	2.21954345703125
AAGGUGC	-0.232059949094079	1.04031095581247	2.1967660644127	5.23723386152656
AAAGUGC	-0.891409392520545	1.85025120434562	2.16316290745791	3.84138320792288
UUGGUCC	-0.462377077405642	1.41014564238809	1.44694840638049	1.97138173947012
AUGUGCC	-0.693313598632812	0.440112304687498	3.14144897460938	2.21954345703125
AGCUGCC	-1.72710002634082	2.62652112911382	1.81000308809211	1.85278034904937
ACUGGCC	-0.0344158584210706	0.55836494404147	2.30681797990004	2.8382179557756
AAUGCCC	-0.00548796852983722	0.69900333857887	2.25759972607851	4.95209527715603
ACAGUAC	-5.14668939643114	6.03551742256701	1.11715730964686	0.157857280943717
GGAAGAC	-13.3680068359904	14.2051678177598	1.23846868829714	-1.10427812437909
AUUGCAC	-0.740519950409845	1.7017325097936	1.7924600713593	3.06231524588179
UUGGCAC	-0.333243391156767	1.25648539388049	2.02918562218062	3.5071317771318
AUGGCAC	-0.426021114749796	1.27388705807014	1.37538322776117	1.97693333329278
AAGGCAC	-0.14760941265977	1.10330897429272	3.08942975800457	6.49579342801528
AUGACAC	-0.693313598632812	0.440112304687498	3.14144897460938	2.21954345703125
ACCCGUA	-0.693313598632812	0.440112304687498	3.14144897460938	2.21954345703125
UGACCUA	-0.0369701958939164	0.277481607014514	5.7373930213631	2.15953153047614
GAGAUGA	-0.496279102695173	1.25228836104547	1.97370516708224	3.78123495210735
GGACGGA	-0.693313598632812	0.440112304687498	3.14144897460938	2.21954345703125
GAUCAGA	-9.76628642725026e-06	0.295717467013373	11.740516631208	10.9052164715597
GGCAAGA	-0.00132433038396419	0.557827593997831	3.18470844739707	6.20001337775447
ACAUUCA	-0.780268467236959	1.80590844840789	0.394622001146262	0.293165132989642
AAUCUCA	-0.693313598632812	0.440112304687498	3.14144897460938	2.21954345703125
CAGUGCA	-0.200252459910426	1.07825318329992	2.92842104097682	5.77739154900746
AGCAGCA	-0.34244670816802	1.23809260780697	1.75220792943304	2.77073565509041
CGACCCA	-0.693313598632812	0.440112304687498	3.14144897460938	2.21954345703125
AGCACCA	-0.0349468734169261	0.960818128047327	3.32131305849321	6.67048417518071
GUAAACA	-1.82267410065838	2.74091193041097	1.96204462617139	2.95563949430879
AACGGAA	-0.693313598632812	0.440112304687498	3.14144897460938	2.21954345703125
AGUGCAA	-0.52997792620513	1.47052751481212	1.89032136044025	3.5243234716885
UUGGCAA	-0.55116975153769	1.35559438036152	2.01017363679542	2.83813545055719
CUCCCAA	-0.693313598632812	0.440112304687498	3.14144897460938	2.21954345703125
GUGCAAA	-1.50644854394451	2.36656704613227	1.69769308793401	2.1399869273097
